187820
48640
21040
206
114352
61714
193806
84830
168712
168890
21602
156388
178174
93800
133686
63254
156430
170278
170238
46210
11822
67378
4900
149060
44078
89468
26974
179760
63338
111382
89950
65758
173100
93906
119768
78480
184106
189636
187946
99162
150592
190244
74492
86170
44352
139622
189554
121260
68500
152752
146258
82714
51544
580
197480
33142
152974
61722
165994
63342
196184
61774
71090
192910
79654
183232
140156
160220
79546
174016
4370
24332
77934
39490
186580
55258
7072
174558
75990
34998
65504
7600
4228
134162
194094
175124
32650
51246
197956
138814
128140
88748
105280
64200
154030
149204
172112
54766
160562
34926
168824
113456
175700
179426
161332
72976
96942
142416
35964
31414
181812
113676
85868
104094
180076
96526
80194
24978
168936
1376
26286
98788
13572
158308
129562
189526
152064
59118
142722
183342
180534
100884
145882
184110
62118
102842
9650
195452
85940
153874
189096
67416
123992
15714
188202
194778
145250
158764
81990
175448
6208
148292
72118
95264
154910
166198
106944
56446
13092
87200
85652
7074
191870
15690
90190
40324
113306
3618
117394
191172
186408
36482
88946
95302
149696
117356
22382
176008
18686
180736
190314
92304
91586
117678
117756
15104
65018
141600
81078
55436
58638
118746
95136
188394
195046
95558
167502
37388
44588
55482
36830
102908
28166
118382
147710
37410
88842
16812
84376
133256
25370
189082
58422
27404
37848
151016
52888
39042
176960
7576
160144
134138
16664
110414
112116
86628
35094
164180
93734
102654
28194
60284
13858
56152
186164
102250
94820
36510
71876
95140
49582
178668
65898
33844
17666
11718
149854
89994
111652
41114
140336
159086
189620
175138
52140
146596
118606
184398
90002
35654
78868
71662
196910
54934
161274
115592
82160
141556
129720
175750
169374
155724
132248
73512
95060
146164
178900
140558
6974
145840
98222
140440
12366
189986
175126
16918
124580
48390
182510
185472
61652
15064
161166
81056
93340
10604
158754
104246
140354
113620
124572
41170
155006
68868
70730
31928
128318
198048
39788
79964
33212
20416
141672
4712
165480
72944
46442
22516
164296
157732
134906
189186
195392
130720
140170
5346
78624
40786
77344
94212
31766
178952
100406
123078
29192
158000
7582
174022
198404
136708
186946
152352
20744
169290
90394
80534
163492
186862
148250
49984
197964
46346
19354
36664
32726
125890
79704
144548
113702
81678
13744
10480
156068
139274
143922
198306
47280
71246
147556
137988
45170
37200
19214
49984
31392
109770
184642
107366
188130
189136
10270
88226
65130
111558
170260
183818
160166
79278
177652
173652
174530
93016
156430
162532
81568
103418
18048
3366
161796
108246
104768
18718
197252
4544
120640
198902
117150
161174
14720
172308
110704
22256
142344
90626
18824
197060
140066
170980
28976
4316
34526
186622
80542
175490
131468
50476
107896
97808
43356
95578
78270
187992
140740
108616
66994
174984
3712
73402
23166
80350
92860
30128
110646
156114
147018
7012
159254
17342
65364
178282
119370
80790
173714
40528
100406
98040
46510
197536
185324
3184
21740
41628
170772
174330
59466
167968
107316
117252
177602
127222
110146
196098
22818
424
38970
32204
100430
35196
128244
188314
42112
89470
118412
192636
71752
133422
69588
19970
96578
4118
165714
18370
39542
150238
96890
81326
10074
139060
188304
116202
120748
42134
77716
28252
184976
130806
109568
52966
95510
172016
125050
129214
144988
48804
35384
118550
54734
121526
134090
122526
61024
173188
176998
137824
67914
23800
117140
42664
65916
111348
67156
111592
143660
14208
103798
74796
5790
80520
67190
133828
108836
40350
118572
155430
8428
130538
174694
172448
19308
119130
154396
194182
47756
25774
157622
80528
171976
32980
18036
92956
166434
127650
135128
180380
90924
102394
173450
58832
81624
111416
26020
192776
65650
167544
198700
68062
93820
84566
22324
132608
142920
68816
65418
113050
137516
141574
155292
100134
156064
46838
16260
81394
4289
170976
87156
25730
42428
11964
115032
107544
37890
198378
147366
78786
110958
109580
20018
75842
122196
25426
95276
34766
52696
129712
155082
58634
47364
74846
118298
86478
83924
121676
151486
164824
69766
7774
121510
57034
159308
151232
73556
83256
147840
157834
171906
39206
157752
155378
177492
6852
62692
86014
134850
3844
59900
50088
197526
6376
102254
80604
70654
126740
149568
154834
93720
22362
131880
150432
29386
45844
119636
111742
90898
177798
47970
163078
43154
181478
46872
89150
111786
111448
163350
112566
98130
998
128588
87726
123018
152518
55724
31300
29624
137118
129198
138186
764
199036
132708
54754
34218
152612
43204
158468
184600
106494
172340
115500
157846
36126
168880
137618
56064
45814
153308
129610
34496
168758
61742
193464
74196
49704
37664
173806
150350
135914
151492
38878
11964
185904
19432
76554
132806
61442
3872
128272
148334
160408
49476
184672
1322
36264
31294
22690
161674
125858
79656
59830
118106
4582
172512
44708
60796
198824
16498
161596
42468
45604
58830
77500
9868
89564
5768
109322
72376
146140
172866
100818
136358
198400
143560
113468
4691
27140
139148
131684
63088
46898
104238
188912
42816
82208
77294
79620
86128
86918
172322
37540
191490
53044
54270
35702
101588
170784
180536
91942
69592
56042
159090
108660
170774
129866
94704
185094
82004
175124
32382
83316
138224
12504
146370
164178
25064
175618
73630
178516
167122
48188
51790
163986
151254
157802
31466
182416
118066
114186
24694
170314
176136
67376
122110
139846
115924
173568
43508
123126
192934
5648
147178
81092
140990
114660
80100
78412
51772
16720
74984
157536
136178
169190
165134
157024
121010
171260
31492
133460
26340
110994
163686
194676
39674
178714
78220
130352
194822
48230
155266
174424
68942
20812
105442
12688
4214
18984
127962
100060
95324
120478
135938
196312
36714
163736
164014
93774
146174
153836
168140
171342
135826
95764
41788
108754
105670
49826
119806
43922
170058
101094
83452
71616
147326
176598
14470
121762
179222
36438
98250
94040
47690
115566
110524
133064
97014
39228
152028
50478
3120
54316
190988
119812
142430
61620
188596
120572
21428
175306
178812
177986
187588
161980
163372
30352
87008
10514
149112
141988
29764
10796
182628
25428
103506
171692
168502
92502
126920
32614
144986
41444
101950
15700
112186
83590
135926
198174
42226
28826
95160
54888
147784
129378
44582
130448
138840
187774
187804
155124
116
60676
155902
22876
58634
85170
46354
17664
4468
68468
177008
39508
90234
187436
97524
176438
173838
173996
104854
25542
77850
118700
29732
117294
11268
182992
116328
268
43552
192720
185616
48108
56162
61912
65350
59996
94450
37662
136390
157326
5370
124162
185076
185692
